date,kick_off,home_team,away_team,league,market,bet_description,odds,recommended_stake_pct,edge_percent,confidence_percent,expected_value,quality_score,risk_level,country,bet_amount,potential_win,simulated_outcome,actual_pnl,running_total,running_bankroll,cumulative_wins,cumulative_picks,win_rate,outcome_description
2025-09-07,14:00,Manchester City,Brighton,Premier League,Over 1.5,Over 1.5 Goals,2.0809070658801923,8.0,45.0,69.7,0.45,0.374,Medium Risk,,25.0,27.022676647004808,True,27.02,27.02,1027.02,1,1,100.0,WIN
2025-09-07,15:00,Novorizontino,Atlético GO,Unknown,Over 1.5,Over 1.5 Goals,2.352950552048408,8.0,81.3,77.0,0.813,0.65,Medium Risk,,25.0,33.823763801210205,False,-25.0,2.02,1002.02,1,2,50.0,LOSS
2025-09-07,15:00,Cuiabá,CRB,Unknown,Over 1.5,Over 1.5 Goals,1.843307988751456,8.0,42.0,77.0,0.42,0.375,Medium Risk,,25.0,21.0826997187864,True,21.08,23.11,1023.11,2,3,66.7,WIN
2025-09-07,15:00,Juventus,Roma,Serie A,Over 9.5 Corners,Over 9.5 Total Corners,1.985770993913854,8.0,43.3,72.2,0.433,0.37,Medium Risk,,25.0,24.644274847846347,True,24.64,47.75,1047.75,3,4,75.0,WIN
2025-09-07,15:30,Bayern Munich,Freiburg,Bundesliga,Over 9.5 Corners,Over 9.5 Total Corners,2.1722808240148797,8.0,48.5,68.3,0.485,0.394,Medium Risk,,25.0,29.30702060037199,True,29.31,77.06,1077.06,4,5,80.0,WIN
2025-09-07,16:30,Liverpool,Nottingham Forest,Premier League,Over 1.5,Over 1.5 Goals,2.3064542628880607,8.0,60.7,69.7,0.607,0.484,Medium Risk,,25.0,32.66135657220152,False,-25.0,52.06,1052.06,4,6,66.7,LOSS
2025-09-08,13:00,Zambia,Morocco,World Cup - Qualification Africa,Over 1.5,Over 1.5 Goals,1.9653805858024889,8.0,39.3,70.9,0.393,0.338,Medium Risk,,25.0,24.13451464506222,True,24.13,76.19,1076.19,5,7,71.4,WIN
2025-09-08,16:00,Madagascar,Chad,World Cup - Qualification Africa,Over 1.5,Over 1.5 Goals,2.1185623937310374,8.0,59.3,75.2,0.593,0.491,Medium Risk,,25.0,27.964059843275933,True,27.96,104.16,1104.16,6,8,75.0,WIN
2025-09-08,16:00,Guinea,Algeria,World Cup - Qualification Africa,Over 9.5 Corners,Over 9.5 Total Corners,2.1131611631465983,8.0,53.5,72.6,0.535,0.442,Medium Risk,,25.0,27.82902907866496,True,27.83,131.98,1131.98,7,9,77.8,WIN
2025-09-08,16:00,Carl Zeiss Jena  W,1899 Hoffenheim W,Frauen Bundesliga,Over 1.5,Over 1.5 Goals,2.128309373508084,8.0,45.7,68.5,0.457,0.376,Medium Risk,,25.0,28.207734337702096,False,-25.0,106.98,1106.98,7,10,70.0,LOSS
2025-09-08,19:00,Libya,Eswatini,World Cup - Qualification Africa,Over 1.5,Over 1.5 Goals,2.171396208559776,8.0,55.8,71.7,0.558,0.455,Medium Risk,,25.0,29.284905213994406,True,29.28,136.27,1136.27,8,11,72.7,WIN
2025-09-08,19:00,Ghana,Mali,World Cup - Qualification Africa,Over 9.5 Corners,Over 9.5 Total Corners,1.726210277348142,8.0,35.8,78.7,0.358,0.336,Low Risk,,25.0,18.15525693370355,True,18.16,154.42,1154.42,9,12,75.0,WIN
2025-09-08,22:00,Tivoli Gardens,Spanish Town Police,Premier League,Over 9.5 Corners,Over 9.5 Total Corners,2.0880467250107926,8.0,39.2,66.7,0.392,0.325,Medium Risk,,25.0,27.201168125269813,True,27.2,181.63,1181.63,10,13,76.9,WIN
2025-09-08,23:00,New England II,Huntsville City,MLS Next Pro,Over 1.5,Over 1.5 Goals,1.9919877270427824,8.0,45.8,73.2,0.458,0.39,Medium Risk,,25.0,24.79969317606956,False,-25.0,156.63,1156.63,10,14,71.4,LOSS
2025-09-09,00:30,Vila Nova,Athletic Club,Serie B,Over 2.5,Over 2.5 Goals,2.616721369708716,8.0,76.8,67.5,0.768,0.59,Medium Risk,,25.0,40.4180342427179,True,40.42,197.04,1197.04,11,15,73.3,WIN
2025-09-09,00:30,El Salvador,Suriname,World Cup - Qualification CONCACAF,Over 1.5,Over 1.5 Goals,2.3729489436790385,8.0,66.9,70.3,0.669,0.529,Medium Risk,,25.0,34.32372359197596,True,34.32,231.37,1231.37,12,16,75.0,WIN
2025-09-09,13:00,Sierra Leone,Ethiopia,World Cup - Qualification Africa,Over 1.5,Over 1.5 Goals,2.304200879359145,8.0,60.0,69.5,0.6,0.479,Medium Risk,,25.0,32.605021983978624,True,32.61,263.97,1263.97,13,17,76.5,WIN
2025-09-09,16:00,Cape Verde Islands,Cameroon,World Cup - Qualification Africa,Over 1.5,Over 1.5 Goals,2.3112455187020755,8.0,63.7,70.8,0.637,0.508,Medium Risk,,25.0,32.781137967551885,True,32.78,296.75,1296.75,14,18,77.8,WIN
2025-09-09,16:00,Congo DR,Senegal,World Cup - Qualification Africa,Over 1.5,Over 1.5 Goals,2.2556642742984825,8.0,58.7,70.3,0.587,0.472,Medium Risk,,25.0,31.39160685746206,True,31.39,328.15,1328.15,15,19,78.9,WIN
2025-09-09,16:00,Togo,Sudan,World Cup - Qualification Africa,Over 1.5,Over 1.5 Goals,2.314630491438746,8.0,53.1,66.2,0.531,0.42,Medium Risk,,25.0,32.86576228596865,True,32.87,361.01,1361.01,16,20,80.0,WIN
2025-09-09,18:45,Albania,Latvia,World Cup - Qualification Europe,Over 9.5 Corners,Over 9.5 Total Corners,2.149278709117442,8.0,56.6,72.9,0.566,0.465,Medium Risk,,25.0,28.73196772793605,True,28.73,389.74,1389.74,17,21,81.0,WIN
2025-09-09,23:30,Chile,Uruguay,World Cup - Qualification South America,Over 1.5,Over 1.5 Goals,2.383046242582057,8.0,64.3,68.9,0.643,0.507,Medium Risk,,25.0,34.57615606455142,True,34.58,424.32,1424.32,18,22,81.8,WIN
2025-09-10,00:00,Curaçao,Bermuda,World Cup - Qualification CONCACAF,Over 9.5 Corners,Over 9.5 Total Corners,1.9472015550738464,8.0,41.4,72.6,0.414,0.43,Medium Risk,,25.0,23.68003887684616,False,-25.0,399.32,1399.32,18,23,78.3,LOSS
2025-09-10,02:00,Costa Rica,Haiti,World Cup - Qualification CONCACAF,BTTS No,Both Teams to Score - No,2.22,8.0,38.7,62.5,0.387,0.408,Medium Risk,,25.0,30.500000000000004,True,30.5,429.82,1429.82,19,24,79.2,WIN
2025-09-10,14:00,Molodechno-DYuSSh 4,Neman,Premier League,Over 9.5 Corners,Over 9.5 Total Corners,1.8430644273310977,8.0,36.6,74.1,0.366,0.466,Medium Risk,,25.0,21.07661068327744,True,21.08,450.9,1450.9,20,25,80.0,WIN
2025-09-11,17:00,Brann W,Manchester United W,UEFA Champions League Women,Over 1.5,Over 1.5 Goals,2.2203619992492647,8.0,54.9,69.8,0.549,0.842,Medium Risk,World,25.0,30.509049981231616,True,30.51,481.4,1481.4,21,26,80.8,WIN
2025-09-11,17:00,Paris FC W,Austria Wien W,UEFA Champions League Women,Over 9.5 Corners,Over 9.5 Total Corners,1.9878264974220512,8.0,46.1,73.5,0.461,0.63,Medium Risk,World,25.0,24.69566243555128,True,24.7,506.1,1506.1,22,27,81.5,WIN
2025-09-11,17:00,Häcken,Atletico Madrid W,UEFA Champions League Women,Over 9.5 Corners,Over 9.5 Total Corners,1.977217902273806,8.0,27.9,64.7,0.279,0.283,Medium Risk,World,25.0,24.43044755684515,True,24.43,530.53,1530.53,23,28,82.1,WIN
2025-09-11,17:30,St. Pölten W,Fortuna Hjørring,UEFA Champions League Women,Home Over 1.5,Home Team Over 1.5 Goals,3.046262933165229,8.0,91.6,62.9,0.916,0.779,High Risk,World,25.0,51.15657332913073,True,51.16,581.69,1581.69,24,29,82.8,WIN
2025-09-11,17:30,Vorskla Poltava W,OH Leuven W,UEFA Champions League Women,Over 1.5,Over 1.5 Goals,1.911618317088194,8.0,38.3,72.3,0.383,0.514,Medium Risk,World,25.0,22.790457927204848,True,22.79,604.48,1604.48,25,30,83.3,WIN
2025-09-11,18:30,Roma W,Sporting CP W,UEFA Champions League Women,Over 9.5 Corners,Over 9.5 Total Corners,2.6587349579171464,8.0,67.4,62.9,0.674,0.716,Medium Risk,World,25.0,41.46837394792866,True,41.47,645.95,1645.95,26,31,83.9,WIN
2025-09-13,15:30,Wisla Plock,Cracovia Krakow,Ekstraklasa,Over 9.5 Corners,Over 9.5 Total Corners,2.094391204794327,8.0,68.3,80.4,0.683,0.626,Medium Risk,Poland,25.0,27.35978011985818,False,-25.0,620.95,1620.95,26,32,81.2,LOSS
2025-09-13,15:30,Wisla Plock,Cracovia Krakow,Ekstraklasa,Over 1.5,Over 1.5 Goals,2.160684047049986,8.0,53.6,71.1,0.536,0.545,Medium Risk,Poland,25.0,29.01710117624965,False,-25.0,595.95,1595.95,26,33,78.8,LOSS
2025-09-13,15:30,Wisla Plock,Cracovia Krakow,Ekstraklasa,BTTS No,Both Teams to Score - No,1.9,7.9,17.8,62.0,0.178,0.401,Medium Risk,Poland,25.0,22.499999999999996,False,-25.0,570.95,1570.95,26,34,76.5,LOSS
2025-09-13,15:30,Wisla Plock,Cracovia Krakow,Ekstraklasa,Home Under 1.5,Home Team Under 1.5 Goals,1.6038216388704212,6.0,9.0,68.0,0.09,0.399,Low Risk,Poland,25.0,15.09554097176053,True,15.1,586.04,1586.04,27,35,77.1,WIN
2025-09-14,10:15,Motor Lublin,Nieciecza,Ekstraklasa,BTTS No,Both Teams to Score - No,2.46,8.0,98.6,80.7,0.986,0.719,Medium Risk,Poland,25.0,36.5,True,36.5,622.54,1622.54,28,36,77.8,WIN
2025-09-14,12:00,Celta Vigo,Girona,La Liga,BTTS No,Both Teams to Score - No,2.65,8.0,130.7,87.1,1.307,0.84,Medium Risk,Spain,25.0,41.25,True,41.25,663.79,1663.79,29,37,78.4,WIN
2025-09-14,13:00,Burnley,Liverpool,Premier League,Over 11.5 Corners,Over 11.5 Total Corners,3.605795840586805,8.0,145.3,68.0,1.453,0.808,High Risk,England,25.0,65.14489601467012,False,-25.0,638.79,1638.79,29,38,76.3,LOSS
2025-09-14,16:30,Sporting Gijon,Burgos,Segunda División,Over 11.5 Corners,Over 11.5 Total Corners,4.03182933748884,8.0,153.9,63.0,1.539,0.814,High Risk,Spain,25.0,75.79573343722099,True,75.8,714.59,1714.59,30,39,76.9,WIN
2025-09-14,19:30,SC Braga,GIL Vicente,Primeira Liga,Home -1,Home -1,3.595330760904049,8.0,185.3,79.4,1.853,0.973,High Risk,Portugal,25.0,64.88326902260123,True,64.88,779.47,1779.47,31,40,77.5,WIN
2025-09-15,16:30,Verona,Cremonese,Serie A,BTTS No,Both Teams to Score - No,2.84,8.0,73.2,61.0,0.732,0.559,Medium Risk,Italy,25.0,46.0,True,46.0,825.47,1825.47,32,41,78.0,WIN
2025-09-15,16:30,Verona,Cremonese,Serie A,Over 1.5,Over 1.5 Goals,2.1255732657479443,8.0,53.5,72.2,0.535,0.544,Medium Risk,Italy,25.0,28.139331643698608,False,-25.0,800.47,1800.47,32,42,76.2,LOSS
2025-09-15,18:00,Petrolul Ploiesti,Dinamo Bucuresti,Liga I,Over 9.5 Corners,Over 9.5 Total Corners,2.1188623298526026,8.0,46.1,69.0,0.461,0.514,Medium Risk,Romania,25.0,27.971558246315062,False,-25.0,775.47,1775.47,32,43,74.4,LOSS
2025-09-15,18:30,Zaragoza,Albacete,Segunda División,Away,Away Team Win,3.1,8.0,107.8,67.0,1.078,0.692,High Risk,Spain,25.0,52.5,True,52.5,827.97,1827.97,33,44,75.0,WIN
2025-09-15,18:45,Guingamp,Montpellier,Ligue 2,Over 1.5,Over 1.5 Goals,2.3474858404197687,8.0,69.1,72.0,0.691,0.596,Medium Risk,France,25.0,33.68714601049422,True,33.69,861.66,1861.66,34,45,75.6,WIN
2025-09-15,18:45,Guingamp,Montpellier,Ligue 2,Over 9.5 Corners,Over 9.5 Total Corners,2.514173835465052,8.0,63.9,65.2,0.639,0.552,Medium Risk,France,25.0,37.8543458866263,True,37.85,899.51,1899.51,35,46,76.1,WIN
2025-09-15,19:00,Espanyol,Mallorca,La Liga,Over 1.5,Over 1.5 Goals,2.3516349509499657,8.0,69.4,72.0,0.694,0.596,Medium Risk,Spain,25.0,33.79087377374914,True,33.79,933.3,1933.3,36,47,76.6,WIN
2025-09-15,19:00,Espanyol,Mallorca,La Liga,Over 9.5 Corners,Over 9.5 Total Corners,1.981412165942416,8.0,44.2,72.8,0.442,0.524,Medium Risk,Spain,25.0,24.5353041485604,False,-25.0,908.3,1908.3,36,48,75.0,LOSS
2025-09-16,17:00,FC Saarbrücken,SSV Ulm 1846,3. Liga,Over 11.5 Corners,Over 11.5 Total Corners,3.621822568999904,8.0,111.7,58.4,1.117,0.669,High Risk,Germany,25.0,65.5455642249976,False,-25.0,883.3,1883.3,36,49,73.5,LOSS
2025-09-16,17:00,FC Saarbrücken,SSV Ulm 1846,3. Liga,Home Over 1.5,Home Team Over 1.5 Goals,3.453680886911515,8.0,106.9,59.9,1.069,0.66,High Risk,Germany,25.0,61.34202217278788,True,61.34,944.65,1944.65,37,50,74.0,WIN
2025-09-16,18:00,FC OSS,VVV Venlo,Eerste Divisie,Over 11.5 Corners,Over 11.5 Total Corners,4.050118816477093,8.0,136.7,58.4,1.367,0.744,High Risk,Netherlands,25.0,76.25297041192734,False,-25.0,919.65,1919.65,37,51,72.5,LOSS
2025-09-16,18:00,FC OSS,VVV Venlo,Eerste Divisie,Over 9.5 Corners,Over 9.5 Total Corners,1.9787558471841815,8.0,63.4,82.6,0.634,0.621,Medium Risk,Netherlands,25.0,24.46889617960454,True,24.47,944.11,1944.11,38,52,73.1,WIN
2025-09-16,18:45,Weston-super-Mare,Taunton Town,FA Cup,Over 11.5 Corners,Over 11.5 Total Corners,4.276698146013046,8.0,150.0,58.4,1.5,0.784,High Risk,England,25.0,81.91745365032614,False,-25.0,919.11,1919.11,38,53,71.7,LOSS
2025-09-16,18:45,Tonbridge Angels,Steyning Town,FA Cup,Away,Away Team Win,3.0,8.0,83.6,61.2,0.836,0.596,Medium Risk,England,25.0,50.0,True,50.0,969.11,1969.11,39,54,72.2,WIN
2025-09-16,18:45,Witham Town,Mulbarton Wanderers,FA Cup,Over 1.5,Over 1.5 Goals,2.223837089292953,8.0,64.2,73.8,0.642,0.588,Medium Risk,England,25.0,30.595927232323827,True,30.6,999.71,1999.71,40,55,72.7,WIN
2025-09-16,18:45,Horsham,Westfield (Surrey),FA Cup,Over 1.5,Over 1.5 Goals,2.217749285862147,8.0,63.0,73.5,0.63,0.583,Medium Risk,England,25.0,30.44373214655367,True,30.44,1030.15,2030.15,41,56,73.2,WIN
2025-09-13,15:30,Wisla Plock,Cracovia Krakow,Ekstraklasa,Over 9.5 Corners,Over 9.5 Total Corners,2.094391204794327,8.0,68.3,80.4,0.683,0.626,Medium Risk,Poland,162.41,340.15,False,0.0,1030.15,2030.15,41,57,73.2,PENDING
2025-09-13,15:30,Wisla Plock,Cracovia Krakow,Ekstraklasa,Over 1.5,Over 1.5 Goals,2.160684047049986,8.0,53.6,71.1,0.536,0.545,Medium Risk,Poland,162.41,350.92,False,0.0,1030.15,2030.15,41,58,73.2,PENDING
2025-09-13,15:30,Wisla Plock,Cracovia Krakow,Ekstraklasa,BTTS No,Both Teams to Score - No,1.9,7.9,17.8,62.0,0.178,0.401,Medium Risk,Poland,162.41,308.58,False,0.0,1030.15,2030.15,41,59,73.2,PENDING
2025-09-13,15:30,Wisla Plock,Cracovia Krakow,Ekstraklasa,Home Under 1.5,Home Team Under 1.5 Goals,1.6038216388704212,6.0,9.0,68.0,0.09,0.399,Low Risk,Poland,162.41,260.48,False,0.0,1030.15,2030.15,41,60,73.2,PENDING
